ELM on n15 c15 bin

training
--------------------
Accuracy: 0.9980925
Sensitivity : .9990467 
Specificity : 0.9971374 
ROC_AUC : 0.9981

validation
---------------------
Accuracy : 0.7988615
Sensitivity : 0.78327 
Specificity : 0.8143939
ROC_AUC : 0.7988



